Registros:
               acumulador:      0
    contador del programa:      1
              instruccion: 200022
                   opcode:     20
                 operando:     22
      0     1     2     3     4     5     6     7     8     9   
00  +100022 +200022 +310019 +420012 +200019 +300020 +210019 +100018 +200017 +300018 
10  +210017 +400001 +200017 +320022 +210021 +110021 +450000 +0000 +0000 +0000 
20  +0001 +0000 +0000 +0000 +0000 +0000 +0000 +0000 +0000 +0000 
30  +0000 +0000 +0000 +0000 +0000 +0000 +0000 +0000 +0000 +0000 
40  +0000 +0000 +0000 +0000 +0000 +0000 +0000 +0000 +0000 +0000 
