Registros:
               acumulador:      14
    contador del programa:      16
              instruccion: +450000
                   opcode:      45
                 operando:       0
      0     1     2     3     4     5     6     7     8     9   
000  186B6 30D56 4BB03 668AC 30D53 493F4 33463 186B2 30D51 493F2 
010  33461 61A81 30D51 4E216 33465 1ADC5 6DDD0 00028 0001E 00002 
020  00001 00014 00002 00000 00000 00000 00000 00000 00000 00000 
030  00000 00000 00000 00000 00000 00000 00000 00000 00000 00000 
040  00000 00000 00000 00000 00000 00000 00000 00000 00000 00000 
