Registros:
               acumulador:       4
    contador del programa:       6
              instruccion: +450000
                   opcode:      45
                 operando:       0
      0     1     2     3     4     5     6     7     8     9   
000  186A9 186AA 30D49 493EA 3345B 1ADBB 6DDD0 00000 00000 00002 
010  00002 00004 00000 00000 00000 00000 00000 00000 00000 00000 
020  00000 00000 00000 00000 00000 00000 00000 00000 00000 00000 
030  00000 00000 00000 00000 00000 00000 00000 00000 00000 00000 
040  00000 00000 00000 00000 00000 00000 00000 00000 00000 00000 
